10.8522319567,106.7713931800
10.8522099800,106.7713905433
10.8521899483,106.7713884400
10.8521676333,106.7713863033
10.8521465667,106.7713838017
10.8521231350,106.7713815233
10.8521015283,106.7713794950
10.8520785433,106.7713771367
10.8520571683,106.7713744383
10.8520344383,106.7713716650
10.8520130600,106.7713690900
10.8519898867,106.7713663633
10.8519688583,106.7713640500
10.8519480933,106.7713618267
10.8519272483,106.7713592850
10.8519062633,106.7713570000
10.8518849717,106.7713550633
10.8518610067,106.7713525183
10.8518385033,106.7713500383
10.8518137483,106.7713470183
10.8517908467,106.7713443000
10.8517651017,106.7713410467
10.8517412250,106.7713378750
10.8517180050,106.7713342500
10.8516927133,106.7713311367
10.8516699150,106.7713284017
10.8516466267,106.7713256067
10.8516265517,106.7713230983
10.8516062667,106.7713207167
10.8515892417,106.7713187067
10.8515714050,106.7713164750
10.8515543783,106.7713146083

