10.8507759083,106.7715805667
10.8507758983,106.7715803450
10.8507759617,106.7715803500
10.8507759733,106.7715803300
10.8507759433,106.7715801633
10.8507759483,106.7715797967
10.8507757283,106.7715775283
10.8507753650,106.7715725233
10.8507747000,106.7715657467
10.8507738600,106.7715585167
10.8507730333,106.7715507783
10.8507718733,106.7715426050
10.8507705883,106.7715335017
10.8507694483,106.7715247567
10.8507682217,106.7715158317
10.8507666267,106.7715055183
10.8507653217,106.7714952167
10.8507639283,106.7714847267
10.8507624483,106.7714733650
10.8507613433,106.7714631167
10.8507596933,106.7714528133
10.8507582633,106.7714426267
10.8507573833,106.7714313133
10.8507570250,106.7714205650
10.8507574000,106.7714095967
10.8507577917,106.7714000067
10.8507588317,106.7713899200
10.8507606367,106.7713783617
10.8507636467,106.7713675617
10.8507680750,106.7713562767
10.8507739250,106.7713446150
10.8507827317,106.7713331000
10.8507915483,106.7713237350
10.8508014533,106.7713156317
10.8508123817,106.7713090467
10.8508240700,106.7713038800
10.8508362767,106.7712999083
10.8508493017,106.7712967967
10.8508627533,106.7712953333
10.8508778650,106.7712952200
10.8508921817,106.7712956867
10.8509068000,106.7712962950
10.8509217783,106.7712972683
10.8509386050,106.7712984767
10.8509542117,106.7712996717
10.8509711100,106.7713010567
10.8509866900,106.7713020933
10.8510037933,106.7713036617
10.8510196033,106.7713049733
10.8510368750,106.7713065083
10.8510527950,106.7713079783
10.8510699083,106.7713095333
10.8510854017,106.7713111183
10.8511022917,106.7713127417
10.8511169350,106.7713141800
10.8511325233,106.7713157283
10.8511469167,106.7713173900
10.8511616117,106.7713189000
10.8511763400,106.7713204383
10.8511925417,106.7713224250
10.8512074500,106.7713239867
10.8512236583,106.7713254433
10.8512383333,106.7713266467
10.8512541500,106.7713283917
10.8512684083,106.7713305450
10.8512834750,106.7713336450
10.8512972267,106.7713372433
10.8513095383,106.7713407433
10.8513207450,106.7713449167
10.8513314833,106.7713494650
10.8513415217,106.7713549367
10.8513502700,106.7713602417
10.8513591533,106.7713661450
10.8513686683,106.7713735000
10.8513770867,106.7713820117
10.8513846400,106.7713918283
10.8513912733,106.7714026500
10.8513964167,106.7714163333
10.8513994983,106.7714299517
10.8514004817,106.7714440183
10.8513998100,106.7714596550
10.8513968967,106.7714734117
10.8513932033,106.7714869700
10.8513892400,106.7715028183
10.8513853950,106.7715175883
10.8513809883,106.7715326467
10.8513762483,106.7715500700
10.8513715600,106.7715667467
10.8513668217,106.7715837233
10.8513616283,106.7716015800
10.8513571833,106.7716172050
10.8513527033,106.7716327967
10.8513476433,106.7716497150
10.8513431500,106.7716652933
10.8513382933,106.7716829600
10.8513338300,106.7716995167
10.8513292533,106.7717160217
10.8513247300,106.7717323100
10.8513199683,106.7717498333
10.8513157883,106.7717659300
10.8513115683,106.7717836950
10.8513076900,106.7718001867
10.8513042333,106.7718186083
10.8513012133,106.7718351517
10.8512992350,106.7718534117
10.8512971000,106.7718703433
10.8512951167,106.7718879567
10.8512928000,106.7719062133
10.8512905833,106.7719264700
10.8512883567,106.7719447133
10.8512859367,106.7719641667
10.8512839250,106.7719820817
10.8512824417,106.7720002200
10.8512802300,106.7720206583
10.8512781700,106.7720392317
10.8512762667,106.7720572367
10.8512742017,106.7720746483
10.8512718317,106.7720932900
10.8512697567,106.7721106917
10.8512676833,106.7721286067
10.8512650633,106.7721487617
10.8512626467,106.7721678233
10.8512603767,106.7721890200
10.8512576233,106.7722082733
10.8512558450,106.7722273533
10.8512537117,106.7722468200
10.8512513267,106.7722683667
10.8512492983,106.7722874300
10.8512474733,106.7723052483
10.8512452950,106.7723237250
10.8512435933,106.7723406617
10.8512416083,106.7723575383
10.8512398900,106.7723748533
10.8512377733,106.7723920850
10.8512354683,106.7724088067
10.8512332450,106.7724266283
10.8512311450,106.7724428550
10.8512292833,106.7724599200
10.8512273183,106.7724756700
10.8512251767,106.7724925933
10.8512234250,106.7725081517
10.8512216500,106.7725248133
10.8512197217,106.7725397483
10.8512181433,106.7725544683
10.8512179433,106.7725702700
10.8512184033,106.7725844617
10.8512210383,106.7725990683
10.8512250367,106.7726145450
10.8512295933,106.7726269300
10.8512344233,106.7726381183
10.8512396567,106.7726477433
10.8512460850,106.7726570583
10.8512534633,106.7726656733
10.8512621550,106.7726736250
10.8512722250,106.7726810350
10.8512837950,106.7726869850
10.8512956467,106.7726918233
10.8513094300,106.7726951383
10.8513234033,106.7726975400
10.8513381117,106.7726998817
10.8513548950,106.7727025267
10.8513704567,106.7727043100
10.8513863817,106.7727063767
10.8514038933,106.7727083633
10.8514201567,106.7727103467
10.8514365167,106.7727125067
10.8514529733,106.7727142300
10.8514707700,106.7727167417
10.8514871500,106.7727186117
10.8515034850,106.7727202083
10.8515196250,106.7727221267
10.8515313300,106.7727232433
10.8515437950,106.7727245800
10.8515587817,106.7727261433
10.8515730750,106.7727275967
10.8515877350,106.7727290933
10.8516020867,106.7727307183
10.8516167717,106.7727321733
10.8516283300,106.7727334417
10.8516400267,106.7727346967
10.8516518400,106.7727357050
10.8516643983,106.7727369250
10.8516778133,106.7727381900
10.8516899717,106.7727395900
10.8517021683,106.7727410483
10.8517153550,106.7727427683
10.8517306883,106.7727446467
10.8517459700,106.7727467500
10.8517630017,106.7727491367
10.8517788750,106.7727512217
10.8517950633,106.7727532017
10.8518112467,106.7727552883
10.8518274283,106.7727574283
10.8518440300,106.7727590667
10.8518622267,106.7727612300
10.8518791167,106.7727629950
10.8518958733,106.7727649600
10.8519140800,106.7727668900
10.8519307767,106.7727689133
10.8519474733,106.7727706467
10.8519655167,106.7727726867
10.8519818950,106.7727749883
10.8519991900,106.7727772117
10.8520127783,106.7727791333
10.8520289033,106.7727810700
10.8520474867,106.7727831267
10.8520645350,106.7727850583
10.8520830850,106.7727866600
10.8521000833,106.7727885633
10.8521167350,106.7727900467
10.8521328900,106.7727919600
10.8521483100,106.7727933567
10.8521651433,106.7727951883
10.8521808367,106.7727966700
10.8521974750,106.7727986483
10.8522129583,106.7728005117
10.8522291233,106.7728021317
10.8522435333,106.7728038483
10.8522573933,106.7728056250
10.8522709617,106.7728079300
10.8522842950,106.7728106467
10.8522974667,106.7728146233
10.8523084250,106.7728206150
10.8523178750,106.7728289333
10.8523255233,106.7728388833
10.8523308483,106.7728516817
10.8523327517,106.7728645967
10.8523329200,106.7728788783
10.8523313100,106.7728937650
10.8523285883,106.7729110283
10.8523263117,106.7729273400
10.8523243550,106.7729439800
10.8523218167,106.7729633700
10.8523194433,106.7729818000
10.8523173250,106.7730010200
10.8523152050,106.7730206350
10.8523130183,106.7730405733
10.8523087167,106.7730622250
10.8523080883,106.7730841350
10.8523062283,106.7731038667
10.8523038583,106.7731255567
10.8523016583,106.7731451383
10.8522996117,106.7731635167
10.8522971967,106.7731825550
10.8522953300,106.7731992183
10.8522937533,106.7732150933
10.8522920150,106.7732302750
10.8522904300,106.7732451933
10.8522884950,106.7732612783
10.8522868617,106.7732760600
10.8522852450,106.7732910667
10.8522836767,106.7733070400
10.8522819400,106.7733212933
10.8522798317,106.7733353183
10.8522772183,106.7733501067
10.8522735900,106.7733630900
10.8522695267,106.7733753700
10.8522644617,106.7733867733
10.8522568133,106.7733984967
10.8522483617,106.7734081867
10.8522385767,106.7734154817
10.8522274500,106.7734205367
10.8522136033,106.7734242933
10.8521998800,106.7734252200
10.8521847883,106.7734246900
10.8521673233,106.7734228967
10.8521501933,106.7734214583
10.8521328183,106.7734196050
10.8521134217,106.7734174400
10.8520953517,106.7734151550
10.8520768183,106.7734133800
10.8520564767,106.7734113750
10.8520378633,106.7734097033
10.8520176117,106.7734077833
10.8519988417,106.7734061383
10.8519785683,106.7734039100
10.8519606433,106.7734008100
10.8519431100,106.7733967867
10.8519243517,106.7733913533
10.8519067650,106.7733871567
10.8518885983,106.7733834233
10.8518700783,106.7733799283
10.8518497300,106.7733763217
10.8518309883,106.7733736050
10.8518125000,106.7733714183
10.8517927583,106.7733684400
10.8517750017,106.7733663650
10.8517576650,106.7733641467
10.8517404600,106.7733623483
10.8517214100,106.7733601567
10.8517031750,106.7733581233
10.8516842317,106.7733560700
10.8516652950,106.7733540633
10.8516463417,106.7733518517
10.8516258533,106.7733493867
10.8516066817,106.7733469583
10.8515872133,106.7733446083
10.8515663083,106.7733427133
10.8515481200,106.7733408750
10.8515304417,106.7733388500
10.8515113017,106.7733369400
10.8514937000,106.7733348067
10.8514746800,106.7733324550
10.8514575083,106.7733302933
10.8514390883,106.7733281000
10.8514222950,106.7733262300
10.8514055350,106.7733243267
10.8513873950,106.7733224333
10.8513709300,106.7733204667
10.8513545217,106.7733186933
10.8513363633,106.7733166900
10.8513190350,106.7733146200
10.8513023200,106.7733126567
10.8512848400,106.7733104900
10.8512688467,106.7733087183
10.8512545650,106.7733074350
10.8512417317,106.7733057333
10.8512317867,106.7733038350
10.8512229167,106.7733017983
10.8512149033,106.7732992833
10.8512077683,106.7732966750
10.8511995733,106.7732926600
10.8511898567,106.7732861383
10.8511815383,106.7732786700
10.8511741833,106.7732693467
10.8511688683,106.7732592067
10.8511657500,106.7732466617
10.8511649283,106.7732342617
10.8511660267,106.7732215000
10.8511677467,106.7732059950
10.8511691250,106.7731907767
10.8511716017,106.7731754050
10.8511740350,106.7731581150
10.8511758083,106.7731424033
10.8511776417,106.7731268183
10.8511795483,106.7731094600
10.8511811300,106.7730931783
10.8511832517,106.7730770700
10.8511852433,106.7730588267
10.8511870583,106.7730422267
10.8511892100,106.7730243200
10.8511909333,106.7730080483
10.8511926283,106.7729914767
10.8511946983,106.7729734067
10.8511966283,106.7729567333
10.8511985867,106.7729386100
10.8512002200,106.7729219267
10.8512021983,106.7729054417
10.8512041383,106.7728878317
10.8512062567,106.7728726300
10.8512081333,106.7728562433
10.8512097400,106.7728410033
10.8512117700,106.7728254417
10.8512138767,106.7728095883
10.8512164567,106.7727920467
10.8512189367,106.7727750700
10.8512223250,106.7727557617
10.8512255933,106.7727381683
10.8512291217,106.7727193150
10.8512320017,106.7727024600
10.8512350633,106.7726858367
10.8512377183,106.7726686417
10.8512399667,106.7726504450
10.8512421850,106.7726300233
10.8512446117,106.7726115233
10.8512465200,106.7725929900
10.8512489917,106.7725727033
10.8512508633,106.7725543683
10.8512529700,106.7725367017
10.8512548417,106.7725179417
10.8512568350,106.7725010850
10.8512586500,106.7724842717
10.8512606550,106.7724669417
10.8512624350,106.7724490633
10.8512644467,106.7724286533
10.8512663000,106.7724093083
10.8512688417,106.7723881233
10.8512710867,106.7723688450
10.8512732367,106.7723496750
10.8512754750,106.7723304433
10.8512779433,106.7723093733
10.8512804950,106.7722899400
10.8512827667,106.7722702700
10.8512850233,106.7722485333
10.8512871717,106.7722293733
10.8512894850,106.7722092983
10.8512914500,106.7721910600
10.8512931500,106.7721726967
10.8512955367,106.7721523533
10.8512977033,106.7721328967
10.8512998767,106.7721128967
10.8513021967,106.7720923417
10.8513043917,106.7720717967
10.8513065367,106.7720512467
10.8513088067,106.7720305450
10.8513107583,106.7720096867
10.8513132183,106.7719870983
10.8513152400,106.7719665883
10.8513173667,106.7719468150
10.8513201367,106.7719252417
10.8513223350,106.7719070767
10.8513246333,106.7718907417
10.8513271767,106.7718730367
10.8513299183,106.7718539283
10.8513335617,106.7718340467
10.8513377967,106.7718138450
10.8513429750,106.7717908217
10.8513483467,106.7717691550
10.8513540683,106.7717475983
10.8513604383,106.7717243950
10.8513664733,106.7717032483
10.8513727183,106.7716806983
10.8513787883,106.7716603133
10.8513854117,106.7716382417
10.8513915267,106.7716177867
10.8513970617,106.7715972167
10.8514031233,106.7715749850
10.8514085400,106.7715558983
10.8514138917,106.7715359650
10.8514181200,106.7715177283
10.8514219333,106.7714976917
10.8514249483,106.7714791833
10.8514262450,106.7714611867
10.8514265050,106.7714434800
10.8514266150,106.7714282067
10.8514272317,106.7714131983
10.8514296000,106.7713971300
10.8514345567,106.7713829067
10.8514416967,106.7713700567
10.8514503550,106.7713589683
10.8514604300,106.7713497517
10.8514726867,106.7713417717
10.8514888683,106.7713353450
10.8515058467,106.7713320867
10.8515255033,106.7713310650
10.8515436100,106.7713319233
10.8515634983,106.7713336883
10.8515820567,106.7713355483
10.8516009333,106.7713378233
10.8516222750,106.7713401700
10.8516413983,106.7713421017
10.8516620417,106.7713447400
10.8516813067,106.7713468800
10.8517009617,106.7713487450
10.8517212300,106.7713514050
10.8517438467,106.7713540267
10.8517598167,106.7713565967
10.8517744850,106.7713588333
10.8517905800,106.7713611033
10.8518109050,106.7713625633
10.8518294333,106.7713650233
10.8518483817,106.7713669900
10.8518675733,106.7713695167
10.8518868800,106.7713717233
10.8519066117,106.7713739367
10.8519267717,106.7713763467
10.8519468050,106.7713786017
10.8519685033,106.7713811100
10.8519880533,106.7713831950
10.8520078200,106.7713854333
10.8520294683,106.7713880750
10.8520492867,106.7713904400
10.8520710967,106.7713928033
10.8520916933,106.7713952000
10.8521121633,106.7713970067
10.8521315850,106.7713993183
10.8521491750,106.7714013233
10.8521647317,106.7714033617
10.8521822183,106.7714053183
10.8521999767,106.7714075100
10.8522206133,106.7714101533
10.8522397450,106.7714119500
10.8522609017,106.7714146100
10.8522810650,106.7714169117
10.8523015533,106.7714194550
10.8523224250,106.7714218083
10.8523435517,106.7714239883
10.8523631383,106.7714262033
10.8523822550,106.7714283517
10.8524025317,106.7714306750
10.8524208433,106.7714330350
10.8524398550,106.7714346150
10.8524608667,106.7714372433
10.8524806417,106.7714393967
10.8525007850,106.7714411433
10.8525209750,106.7714431317
10.8525413267,106.7714454800
10.8525637917,106.7714477300
10.8525844467,106.7714507233
10.8526058600,106.7714530283
10.8526296367,106.7714560650
10.8526505750,106.7714584933
10.8526710550,106.7714607917
10.8526910867,106.7714628433
10.8527110150,106.7714649550
10.8527316083,106.7714677917
10.8527540667,106.7714706850
10.8527749733,106.7714729367
10.8527960933,106.7714753800
10.8528173200,106.7714777050
10.8528404550,106.7714799433
10.8528613733,106.7714824117
10.8528836467,106.7714856017
10.8529042417,106.7714879417
10.8529275433,106.7714904550
10.8529481800,106.7714931867
10.8529706117,106.7714959400
10.8529904000,106.7714997117
10.8530107667,106.7715031383
10.8530306133,106.7715052450
10.8530497133,106.7715068900
10.8530665950,106.7715065100
10.8530859883,106.7715095033
10.8531048817,106.7715119700
10.8531272250,106.7715147850
10.8531432333,106.7715167867
10.8531598167,106.7715188983
10.8531765267,106.7715212267
10.8531932550,106.7715238783
10.8532059517,106.7715259483
10.8532226100,106.7715252750
10.8532332550,106.7715264850
10.8532433733,106.7715277050
10.8532536317,106.7715292150
10.8532629150,106.7715307850
10.8532698167,106.7715318217
10.8532728433,106.7715323617
10.8532731800,106.7715322667
10.8532726450,106.7715319550
