10.8507759083,106.7715805667
10.8507758983,106.7715803450
10.8507759617,106.7715803500
10.8507759733,106.7715803300
10.8507759433,106.7715801633
10.8507759483,106.7715797967
10.8507757283,106.7715775283
10.8507753650,106.7715725233
10.8507747000,106.7715657467
10.8507738600,106.7715585167
10.8507730333,106.7715507783
10.8507718733,106.7715426050
10.8507705883,106.7715335017
10.8507694483,106.7715247567
10.8507682217,106.7715158317
10.8507666267,106.7715055183
10.8507653217,106.7714952167
10.8507639283,106.7714847267
10.8507624483,106.7714733650
10.8507613433,106.7714631167
10.8507596933,106.7714528133
10.8507582633,106.7714426267
10.8507573833,106.7714313133
10.8507570250,106.7714205650
10.8507574000,106.7714095967
10.8507577917,106.7714000067
10.8507588317,106.7713899200
10.8507606367,106.7713783617
10.8507636467,106.7713675617
10.8507680750,106.7713562767
10.8507739250,106.7713446150
10.8507827317,106.7713331000
10.8507915483,106.7713237350
10.8508014533,106.7713156317
10.8508123817,106.7713090467
10.8508240700,106.7713038800
10.8508362767,106.7712999083
10.8508493017,106.7712967967
10.8508627533,106.7712953333
10.8508778650,106.7712952200
10.8508921817,106.7712956867
10.8509068000,106.7712962950
10.8509217783,106.7712972683
10.8509386050,106.7712984767
10.8509542117,106.7712996717
10.8509711100,106.7713010567
10.8509866900,106.7713020933
10.8510037933,106.7713036617
10.8510196033,106.7713049733
10.8510368750,106.7713065083
10.8510527950,106.7713079783
10.8510699083,106.7713095333
10.8510854017,106.7713111183
10.8511022917,106.7713127417
10.8511169350,106.7713141800
10.8511325233,106.7713157283
10.8511469167,106.7713173900
10.8511616117,106.7713189000
10.8511763400,106.7713204383
10.8511925417,106.7713224250
10.8512074500,106.7713239867
10.8512236583,106.7713254433
10.8512383333,106.7713266467
10.8512541500,106.7713283917
10.8512684083,106.7713305450



