10.8515208983,106.7713316167
10.8515366983,106.7713333833
10.8515553000,106.7713354617
10.8515733533,106.7713378100
10.8515925183,106.7713396267
10.8516123083,106.7713416750
10.8516349950,106.7713441517
10.8516563367,106.7713465233
10.8516798750,106.7713489550
10.8517019500,106.7713511467
10.8517241317,106.7713538983
10.8517484150,106.7713567950
10.8517709117,106.7713593533
10.8517953583,106.7713622683
10.8518178500,106.7713649283
10.8518422550,106.7713672900
10.8518645217,106.7713702933
10.8518867617,106.7713728883
10.8519114900,106.7713752850
10.8519342050,106.7713780517
10.8519573900,106.7713805250
10.8519828633,106.7713834333
10.8520065417,106.7713862183
10.8520321250,106.7713890483
10.8520556550,106.7713919500
10.8520790700,106.7713943800
10.8521024583,106.7713966933
10.8521255933,106.7713993950
10.8521511150,106.7714023100
10.8521750517,106.7714048117
10.8522015767,106.7714079300
10.8522255500,106.7714107883
10.8522512450,106.7714140883
