10.8513189167,106.7719437117
10.8513220250,106.7719175800
10.8513249383,106.7718935100
10.8513280800,106.7718693333
10.8513318217,106.7718452517
10.8513367550,106.7718185517
10.8513420550,106.7717936617
10.8513489783,106.7717663433
10.8513558150,106.7717413050
10.8513629167,106.7717140000
10.8513697633,106.7716897650
10.8513768500,106.7716635717
10.8513832633,106.7716396817
10.8513897983,106.7716157383
10.8513972900,106.7715894800
10.8514040817,106.7715654150
10.8514112483,106.7715395183
10.8514170117,106.7715160683
10.8514219150,106.7714911933
10.8514257567,106.7714694133
10.8514279567,106.7714494350
10.8514294150,106.7714302517
10.8514302367,106.7714153000
10.8514310000,106.7714020850
10.8514325650,106.7713890983
10.8514353683,106.7713773367
10.8514409083,106.7713651900
10.8514477283,106.7713553917
10.8514563517,106.7713471850
10.8514664783,106.7713400100
10.8514792417,106.7713341600
10.8514920967,106.7713310633
10.8515051467,106.7713305483
10.8515208983,106.7713316167
10.8515366983,106.7713333833
10.8515553000,106.7713354617
10.8515733533,106.7713378100
10.8515925183,106.7713396267
10.8516123083,106.7713416750
10.8516349950,106.7713441517
10.8516563367,106.7713465233
10.8516798750,106.7713489550
10.8517019500,106.7713511467
10.8517241317,106.7713538983
10.8517484150,106.7713567950
10.8517709117,106.7713593533
10.8517953583,106.7713622683
10.8518178500,106.7713649283
10.8518422550,106.7713672900
10.8518645217,106.7713702933
10.8518867617,106.7713728883
10.8519114900,106.7713752850
10.8519342050,106.7713780517
10.8519573900,106.7713805250
10.8519828633,106.7713834333
10.8520065417,106.7713862183
10.8520321250,106.7713890483
10.8520556550,106.7713919500
10.8520790700,106.7713943800
10.8521024583,106.7713966933
10.8521255933,106.7713993950
10.8521511150,106.7714023100
10.8521750517,106.7714048117
10.8522015767,106.7714079300
10.8522255500,106.7714107883
10.8522512450,106.7714140883



